Keypoints:
313.179749 246.161804
367.900513 169.552765
282.536133 189.252228
488.286133 182.685745
260.647858 230.839996
654.637146 357.792114
341.634552 440.967651
775.022827 701.438354
262.836670 679.550049
475.153137 721.137817
203.738281 708.004883
619.615906 712.382507
400.732941 716.760193
451.076019 718.949036
216.871262 710.193665
915.107910 668.605896
76.786163 666.417114
315.368591 22.901176
468.586670 349.036804
503.607941 712.382507
915.107910 646.717651
915.107910 640.151123
76.786163 598.563354
76.786163 456.289459
477.341980 915.943665
76.786163 648.906433
BBox Score:
1.000000

